t	H	V	T	P		E
0.10100000000000008	101.57486428373358	-337.07776947406	281.52595828819483	0.0	438.6526337577936
0.20100000000000015	101.56239311618748	-432.98039117362435	343.0679722678295	0.0	534.5427842898118
0.3010000000000002	101.56735043534695	-410.4457446299102	328.6084845986408	0.0	512.0130950652572
0.4010000000000003	101.56762726033412	-409.7888805409182	328.18708884155785	0.0	511.35650780125235
0.5010000000000003	101.5675132427586	-401.28257960096323	322.72769697150216	0.0	502.8500928437218
0.6010000000000004	101.56819981002059	-362.11145331358506	297.58822502918935	0.0	463.67965312360565
0.7010000000000005	101.56814701339766	-334.0256834178874	279.56282739272206	0.0	435.5938304312851
0.8010000000000006	101.5681306274318	-309.7937624523181	264.01084192843956	0.0	411.3618930797499
0.9010000000000007	101.56841449292591	-275.45920151535796	241.9752048187943	0.0	377.02761600828387
1.0010000000000006	101.56820556634625	-256.21796381830467	229.62610149034955	0.0	357.7861693846509
1.1009999999999895	101.56832913271617	-238.9490628184436	218.54305139264164	0.0	340.51739195115977
1.2009999999999785	101.56829297979354	-224.3822585456064	209.19409644630562	0.0	325.95055152539993
1.3009999999999675	101.56836552331842	-208.7911155698338	199.18779372203915	0.0	310.3594810931522
1.4009999999999565	101.56831143877028	-199.58601985811728	193.27995590654638	0.0	301.15433129688756
1.5009999999999455	101.5681704326594	-190.21677838604208	187.26671404329016	2.0773456124054435	291.7849488187015
1.6009999999999345	101.5681428806613	-177.6914806243193	179.2279974360084	6.574571711640302	279.2596235049806
1.7009999999999235	101.56809076952754	-169.39164519964868	173.90115425217888	5.539189431496782	270.9597359691762
1.8009999999999124	101.56816336922444	-162.76347549008958	169.64726120132468	4.4209870857031135E-4	264.331638859314
1.9009999999999014	101.56766024559789	-162.6558750436016	169.57788065091023	3.8495042451133066	264.2235352891995
2.0009999999998906	101.56714571259556	-155.66969138808673	165.09383849221487	9.511530942427411	257.2368371006823
2.1009999999998796	101.5680139803309	-144.08475204201	157.6592160592641	7.92110929103235	245.6527660223409
2.2009999999998686	101.56802651827425	-154.22009413903078	164.1640565790967	0.1605065319251643	255.78812065730503
2.3009999999998576	101.56841157623774	-148.03572781814347	160.19519576053347	5.064603791419886	249.6041393943812
2.4009999999998466	101.56825869620127	-138.24464144957977	153.9112074742277	7.346336825860095	239.81290014578104
2.5009999999998356	101.56759436350058	-154.32878564163116	164.23353710718442	0.5301978476429235	255.89638000513173
2.6009999999998246	101.56844280681605	-147.0482438869239	159.5614515483289	1.921661879015307	248.61668669373995
2.7009999999998136	101.5685805418658	-134.71367167877378	151.64524811593395	9.065216633207314	236.28225222063958
2.8009999999998025	101.5679475477761	-142.78039845971637	156.82204316565904	6.674886738978345	244.34834600749247
2.9009999999997915	101.56813972573067	-149.01914906180082	160.8261781227639	0.0	250.5872887875315
3.0009999999997805	101.56835117238248	-144.0340966300182	157.62692197506664	6.033932689704898	245.6024478024007
3.1009999999997695	101.56836921355111	-138.90778736259176	154.3368834824824	6.3463151191274125	240.47615657614287
3.2009999999997585	101.56825672847381	-146.17857334443332	159.0031801510836	1.3785879960718648	247.74683007290713
3.3009999999997475	101.56834888806787	-146.9117697863952	159.4738025989334	3.8303798849080986	248.48011867446309
3.4009999999997365	101.56837409545832	-144.8771199743625	158.16798656707314	1.9703662910458002	246.44549406982082
3.5009999999997254	101.5683651917052	-147.8703649046899	160.08903656407227	0.0	249.4387300963951
3.6009999999997144	101.56822946043371	-148.7093801116336	160.6274269215033	0.0	250.27760957206732
3.7009999999997034	101.5683904109039	-133.9410060129447	151.14923155963007	0.016316558129227145	235.5093964238486
3.8009999999996924	101.5682628134264	-144.79352345012404	158.11426314547964	1.669948886600654	246.36178626355044
3.9009999999996814	101.56812163220894	-151.65488615715185	162.5177747545035	0.41437666651096794	253.2230077893608
4.000999999999671	101.5688052095152	-141.9220566821609	156.27171240540784	4.688156075679116	243.4908618916761
4.100999999999704	101.56838238082796	-145.9852642583399	158.8791955967383	4.258860016206084	247.55364663916785
4.200999999999738	101.56847840840334	-143.4051945923531	157.22337617377067	5.219151382572332	244.97367300075643
4.300999999999771	101.56816947111412	-148.87676909593333	160.734818173797	1.030379546530957	250.44493856704744
4.400999999999804	101.56832922968013	-144.32558474283124	157.81398409788136	2.1517222891618815	245.89391397251137
4.500999999999838	101.56838628061038	-140.7385573179182	155.5118771591038	4.955430583004789	242.3069435985286
4.600999999999871	101.56836713496449	-137.94798777645389	153.7208856230523	5.925924561952634	239.51635491141838
4.700999999999905	101.56849480555942	-132.08841080571014	149.96030845488622	7.236389775631162	233.65690561126956
4.800999999999938	101.56826450909844	-132.4641489406096	150.20130827097185	2.30830508975058	234.03241344970803
4.900999999999971	101.56845263076856	-125.47530666340491	145.71601077845068	4.701107544186465	227.04375929417347
5.001000000000005	101.5685719127841	-127.57845538948054	147.06588194288946	1.38783926015273	229.14702730226463
5.101000000000038	101.56839757925812	-130.0830043639811	148.67318215370346	1.6376665362589038	231.65140194323922
5.201000000000072	101.56845669641713	-127.56343215650266	147.05616613103555	2.8754061579739076	229.1318888529198
5.301000000000105	101.5683071304286	-129.90831208094377	148.56100711520088	1.8488107606203055	231.47661921137237
5.401000000000138	101.56828212119792	-119.79046391658424	142.06738614538767	0.03456917644995035	221.35874603778217
5.501000000000172	101.56835974053354	-109.81585958889292	135.66576451146503	4.534784119905842	211.38421932942646
5.601000000000205	101.56796600346694	-123.57837284413084	144.4982519679729	4.128809461703541	225.14633884759778
5.7010000000002385	101.56844299822498	-124.47924491318497	145.07673512164297	6.195109638667865	226.04768791140995
5.801000000000272	101.5684485469563	-123.78869880716714	144.6335482417158	2.76630305329474	225.35714735412344
5.901000000000305	101.56817126333273	-120.05120605830838	142.23465852973357	6.371062950298057	221.6193773216411
6.001000000000339	101.56795025768731	-116.73829425573756	140.10829972782983	2.3588063506247163	218.30624451342487
6.101000000000372	101.56844933345431	-114.9535199180248	138.9631571609974	0.0	216.5219692514791
6.2010000000004055	101.56840715589806	-120.41408533134182	142.46770476517602	0.9058256801317147	221.98249248723988
6.301000000000439	101.56832081484777	-121.45832795861315	143.1378411702918	1.4651201265382423	223.02664877346092
6.401000000000472	101.56828070733332	-112.66585236562241	137.49483069263104	9.270563148727948	214.23413307295573
6.501000000000506	101.5681455338722	-111.4656981764327	136.72448854251417	0.5921026199367059	213.0338437103049
6.601000000000539	101.5682434956785	-114.13192449418418	138.43572755065395	0.04353718161867143	215.70016798986268
6.7010000000005725	101.56832788871088	-113.71241361724182	138.16654087826888	2.101602829138338	215.2807415059527
6.801000000000606	101.56824805409454	-113.33770584578548	137.92600330517772	1.5548340120864748	214.90595389988002
6.901000000000639	101.56827232169866	-105.17895979183737	132.68975988032798	6.608195908556814	206.74723211353603
7.001000000000673	101.56807165806747	-103.98854270730133	131.92562494367834	3.6846768904682863	205.5566143653688
7.101000000000706	101.56842591926709	-102.35081490553408	130.87476346557636	0.039203392841237694	203.91924082480116
7.2010000000007395	101.56824948791748	-109.02246806710289	135.15649742801148	0.44459091201828504	210.59071755502038
7.301000000000773	101.56839689930466	-106.75298009464758	133.70004139202712	0.9216381219279942	208.32137699395224
7.401000000000806	101.56838530285862	-106.56445667111919	133.57904017583814	4.273028123400992	208.1328419739778
7.50100000000084	101.56830813942443	-109.89708852394037	135.71786388342707	0.0	211.4653966633648
7.601000000000873	101.56848789304325	-106.03618759825235	133.24006449501525	1.9344333837941377	207.6046754912956
7.7010000000009065	101.56814367895775	-111.35858652751996	136.6557434137041	6.552364637067932	212.9267302064777
7.80100000000094	101.56799586919131	-109.51597526026755	135.47306610795596	6.588000345280919	211.08397112945886
7.901000000000973	101.56822559038352	-103.82059953086622	131.8179383048534	1.532589284391981	205.38882512124974
8.001000000001005	101.56810128641	-113.74260787518769	138.1857740307085	0.31295665802097067	215.31070916159769
8.10100000000095	101.56806436033811	-112.01882748717067	137.0794331953526	7.0508319190332625	213.58689184750878
8.201000000000894	101.5679091150233	-112.18382366923825	137.18522761926133	5.704561408433171	213.75173278426155
8.301000000000839	101.56813295687576	-114.40460676196724	138.61066327723577	2.3953295304815714	215.972739718843
8.401000000000783	101.56831848978122	-113.81328223982977	138.2312720286312	2.636823889542241	215.381600729611
8.501000000000728	101.56799165770698	-118.20824798031305	141.05173823539192	5.488315106089656	219.77623963802003
8.601000000000672	101.56817799108	-114.3860385813984	138.59877517688145	3.8264822280980773	215.9542165724784
8.701000000000617	101.56797292596377	-115.10353868436744	139.05913300302043	2.649527667981559	216.6715116103312
8.801000000000561	101.56803213676102	-109.46265869114887	135.43887096857435	4.226139395044577	211.0306908279099
8.901000000000506	101.5680906737789	-100.60893810157935	129.75661694367156	1.862455005256905	202.17702877535825
9.00100000000045	101.56780863108995	-110.35836679457469	136.0135903253363	1.197703929730426	211.92617542566464
9.101000000000395	101.56814440256191	-107.79119073079762	134.36619984491588	4.078562133888706	209.35933513335954
9.20100000000034	101.56813462582137	-104.53193091964717	132.27441029793408	1.1519866286544749	206.10006554546854
9.301000000000284	101.56826720292892	-100.71908651642849	129.82742316525145	5.6863675835937135	202.2873537193574
9.401000000000229	101.5680261872181	-106.10898616227337	133.28649007588703	4.785863184895514	207.67701234949146
9.501000000000174	101.56815633409221	-104.65413505077672	132.35285447885693	3.6800043678627445	206.22229138486892
9.601000000000118	101.56811020222723	-100.427324000898	129.64007008624162	1.5404864843518196	201.99543420312523
9.701000000000063	101.56808505951544	-100.01951178947441	129.37832128294576	0.0	201.58759684898985
9.801000000000007	101.56792799029488	-100.99168997308708	130.00216154890137	2.0158753782197505	202.55961796338195
9.900999999999952	101.56818690164705	-99.24127780334841	128.87891838266856	6.502381718728369	200.80946470499546
10.000999999999896	101.56793454583133	-109.6297534523605	135.5460492567617	0.0	211.19768799819184
