t	H	V	T	P		E
0.10100000000000008	181.6766902987631	-342.5771286531723	336.4645448548322	0.0	524.2538189519354
0.20100000000000015	181.66860936739067	-354.0557399382026	343.8262971877053	0.0	535.7243493055933
0.3010000000000002	181.6709978068762	-378.9899291899929	359.83051873044144	0.0	560.6609269968691
0.4010000000000003	181.67024094921658	-412.0618191821826	381.05547381076565	0.0	593.7320601313992
0.5010000000000003	181.67105318179324	-389.23666344906314	366.4068779018733	0.0	570.9077166308564
0.6010000000000004	181.6714179999007	-366.7630572251399	351.98361827519653	0.0	548.4344752250406
0.7010000000000005	181.6715136553476	-335.62562152746085	331.99976586140934	0.0	517.2971351828085
0.8010000000000006	181.6715315786886	-306.30113792078976	313.1794108299901	0.0	487.97266949947834
0.9010000000000007	181.67193076625978	-266.81318769529366	287.83641778519274	4.334083844967547	448.48511846155344
1.0010000000000006	181.67167729681339	-248.1954418641408	275.88744109808533	2.7213909492947987	429.8671191609542
1.1009999999999895	181.67189498518937	-235.50765299148034	267.7445955726721	0.0	417.1795479766697
1.2009999999999785	181.6719664332966	-219.09411108844577	257.21047895498907	0.0	400.7660775217424
1.3009999999999675	181.67194430230234	-206.57404659483757	249.17512452283347	0.0	388.2459908971399
1.4009999999999565	181.67195516326106	-198.2006746251876	243.8011262180176	0.0	379.87262978844865
1.5009999999999455	181.67188586696528	-192.19663643745133	239.94770785682576	0.0	373.8685223044166
1.6009999999999345	181.67196124108617	-182.1383171959076	233.49235679871242	0.0	363.81027843699377
1.7009999999999235	181.67185963917362	-176.40072251115046	229.80992035319636	0.0	358.0725821503241
1.8009999999999124	181.67160080128855	-165.02368703080754	222.5080066311086	6.3538953089046935	346.6952878320961
1.9009999999999014	181.671634121322	-157.62738347025945	217.76110234517864	7.173967346053011	339.29901759158145
2.0009999999998906	181.67194947288561	-158.37167407679368	218.23898823886358	8.13381761801402	340.0436235496793
2.1009999999998796	181.67192216070936	-145.2581928346296	209.8227773736632	16.835364502777615	326.93011499533895
2.2009999999998686	181.6711695831637	-153.72588883573155	215.25683653037802	11.289629827445264	335.39705841889526
2.3009999999998576	181.67140131977789	-148.1674876358755	211.68961986724645	6.718437575761081	329.8388889556534
2.4009999999998466	181.6714920613718	-143.63482106959992	208.78062615706168	10.48669139542015	325.3063131309717
2.5009999999998356	181.67108635711944	-143.5914383225822	208.7525228590143	8.779785248355399	325.26252467970164
2.6009999999998246	181.67057399666504	-140.28729515182835	206.63160474833109	5.793635650627823	321.9578691484934
2.7009999999998136	181.67099338563114	-134.13871299681935	202.6857321347456	4.328345538955895	315.8097063824505
2.8009999999998025	181.67106185901378	-144.14830640463128	209.1099034183041	3.8647033906630006	325.81936826364506
2.9009999999997915	181.67083517008493	-144.00084963360902	209.01512061207794	5.938995171272582	325.67168480369395
3.0009999999997805	181.6711762593836	-136.84846874863345	204.42496270069284	13.040585962536742	318.51964500801705
3.1009999999997695	181.66987625733353	-142.49432833787645	208.04762428894344	3.905169673016392	324.16420459521
3.2009999999997585	181.67102303445216	-127.3068083414086	198.3010550346479	3.953092412073985	308.9778313758608
3.3009999999997475	181.67052538278278	-132.07154464705206	201.3587292610252	0.0	313.74207002983485
3.4009999999997365	181.67075188600285	-140.96951118525874	207.06956314240617	4.022140319759661	322.6402630712616
3.5009999999997254	181.67066490074038	-136.20966497788922	204.01465214833829	3.868621606067764	317.8803298786296
3.6009999999997144	181.67083009500453	-137.72207296098003	204.9854171237767	1.3597497014589126	319.39290305598456
3.7009999999997034	181.6710346177089	-135.67408352495974	203.67115484487357	0.0	317.34511814266864
3.8009999999996924	181.67105195406631	-130.3890197271672	200.2792277135875	0.0	312.0600716812335
3.9009999999996814	181.67105226894668	-121.25246993891366	194.41541738169937	1.8520274381030457	302.92352220786034
4.000999999999671	181.6709100455034	-119.60637305849983	193.35886601139399	4.245537867889399	301.27728310400323
4.100999999999704	181.67113586316276	-119.22600808726774	193.11489383100235	4.298356876300639	300.8971439504305
4.200999999999738	181.67054105684693	-121.20420465212598	194.38411276949725	11.57100483633503	302.8747457089729
4.300999999999771	181.67070159993338	-112.99442319673577	189.115202436691	16.447022439315486	294.66512479666915
4.400999999999804	181.670571030779	-118.05368267487766	192.36213635340982	5.72782448339909	299.7242537056567
4.500999999999838	181.6708834076957	-124.5469739377829	196.52971189441064	0.0	306.2178573454786
4.600999999999871	181.67062367870358	-127.23158765028866	198.2525223130315	2.2203725880189844	308.9022113289922
4.700999999999905	181.67033623107568	-120.61126130238894	194.00343203110444	0.30015130099475973	302.2815975334646
4.800999999999938	181.67028328227752	-115.7290581624435	190.87001456540457	5.18897470363443	297.399341444721
4.900999999999971	181.67020698167576	-121.36183214872975	194.48506322047686	5.0558864904185015	303.0320391304055
5.001000000000005	181.67091498364397	-124.71215810238583	196.63574686628468	6.074029052306323	306.3830730860298
5.101000000000038	181.67089634746978	-126.26801565731031	197.6342796661244	1.7736963126052359	307.9389120047801
5.201000000000072	181.6707744014771	-125.58690044801158	197.1970636819823	0.8239105570438396	307.2576748494887
5.301000000000105	181.67101693902458	-121.7587781916276	194.74034184077155	5.300240560056297	303.42979513065217
5.401000000000138	181.671026961153	-124.6205147134526	196.57700227812632	3.7806274913828286	306.2915416746056
5.501000000000172	181.670914046871	-124.8437958859366	196.72023100380753	1.9832572895518064	306.5147099328076
5.601000000000205	181.67093015249947	-116.95113625009112	191.654755813937	4.8392743765420905	298.6220664025906
5.7010000000002385	181.67138768736564	-108.48956349678824	186.224437181968	2.7164515861691387	290.1609511841539
5.801000000000272	181.67093372862593	-116.24875885614124	191.20397438252206	6.124729117745189	297.9196925847672
5.901000000000305	181.67129051815348	-110.03401989183865	187.21560234897208	8.259385714597208	291.70531040999214
6.001000000000339	181.67116390402694	-112.69329100208645	188.92223339341413	3.906878612913704	294.3644549061134
6.101000000000372	181.67134528045042	-112.84991117470858	189.0228681621558	4.198515852957531	294.521256455159
6.2010000000004055	181.6711733144249	-115.1900535167133	190.52465420369882	4.6849955224252176	296.8612268311382
6.301000000000439	181.6712792135823	-110.98301578418807	187.8246578405265	8.945283572598573	292.65429499777036
6.401000000000472	181.67089110587085	-115.07045718132827	190.44771651003555	10.741038838870836	296.7413482871991
6.501000000000506	181.67088002419626	-105.6344421851203	184.39170298231306	2.6631621579910267	287.30532220931656
6.601000000000539	181.67102640767652	-116.35314105003502	191.2710260458638	7.969474345075764	298.02416745771154
6.7010000000005725	181.6708148804089	-119.42102504255546	193.2398491282563	4.604073676663225	301.09183992296437
6.801000000000606	181.6709908036579	-114.67623415432779	190.19476932722708	5.044787996357936	296.3472249579857
6.901000000000639	181.67121344272812	-115.21993475833504	190.5438576501007	6.645593814714822	296.8911482010632
7.001000000000673	181.67106362345677	-116.30822700317563	191.24222422888562	0.8896585498538692	297.9792906266324
7.101000000000706	181.67122598095284	-106.319994810879	184.8319106566109	7.05536605771843	287.99122079183184
7.2010000000007395	181.67118305369215	-106.53966757167669	184.97286843184523	7.025416076162748	288.21085062536883
7.301000000000773	181.67115850691664	-113.72728819550024	189.5858462590722	2.86678370443831	295.3984467024169
7.401000000000806	181.67130231373142	-108.00336553976119	185.9123419837899	6.8230711627373495	289.6746678534926
7.50100000000084	181.67127677312874	-105.74254494374429	184.4613376442025	4.0814906783501055	287.41382171687303
7.601000000000873	181.6712875359139	-109.3189600671421	186.75667716200945	0.0	290.990247603056
7.7010000000009065	181.67139894674403	-110.76097485456016	187.68222947536572	2.4055189982190694	292.4323738013042
7.80100000000094	181.67145139408933	-106.33788338454973	184.84353615957582	1.82997495692265	288.0093347786391
7.901000000000973	181.6713554108532	-106.7568885733208	185.11239084423522	0.22341194394785283	288.428243984174
8.001000000001005	181.67138582962787	-99.03997822771068	180.1597202132939	3.354192170688903	280.7113640573385
8.10100000000095	181.67138127695296	-99.39124781552891	180.38516107018492	2.1067107832843432	281.06262909248187
8.201000000000894	181.67140874490178	-106.76911284136861	185.12027057281693	0.18499058756193557	288.4405215862704
8.301000000000839	181.67164260471174	-103.38312223830884	182.9473019449791	0.0	285.05476484302056
8.401000000000783	181.67145888134087	-104.65393808598817	183.76278987072862	4.5753581491636375	286.325396967329
8.501000000000728	181.67139045707657	-107.78437166898996	185.77184893770817	5.475726475383556	289.45576212606653
8.601000000000672	181.67139672969904	-103.99857034851419	183.34213691341404	1.2212827255970056	285.66996707821323
8.701000000000617	181.67137646304678	-99.34416927232377	180.35494311134894	3.066209715658793	281.01554573537055
8.801000000000561	181.67137213740335	-101.84599810124688	181.96060665135997	2.346081534114523	283.51737023865024
8.901000000000506	181.6715238626226	-98.70593875047965	179.94542325750646	7.242882970066279	280.37746261310224
9.00100000000045	181.671536080591	-102.56645511917003	182.42309904517356	6.826972754950156	284.23799119976104
9.101000000000395	181.6716231205133	-99.6136583827229	180.52805872650538	3.048968460226183	281.2852815032362
9.20100000000034	181.67135436405835	-97.08511503684103	178.90507462552708	2.6105796632116003	278.7564694008994
9.301000000000284	181.6714377622338	-91.93620330701722	175.60057188560035	2.1351401668726036	273.60764106925103
9.401000000000229	181.67144039730601	-94.2991772103329	177.1171232138878	0.0	275.9706176076389
9.501000000000174	181.6712915870035	-94.85757208704631	177.47540388226224	0.0	276.52886367404983
9.601000000000118	181.67140024707612	-94.52788227081277	177.2638796745376	1.291043920719089	276.1992825178889
9.701000000000063	181.67166678566315	-87.00151756275936	172.4336522091761	6.5725345503400625	268.6731843484225
9.801000000000007	181.67112990224223	-93.13337729961978	176.36871701683884	3.7490487545863402	274.804507201862
9.900999999999952	181.67182405916822	-80.89766532842884	168.51631890098488	13.617849673742672	262.56948938759706
10.000999999999896	181.67153810766303	-90.56411116337244	174.7200316220043	2.0284513155202366	272.23564927103547
